
7.768959435626102
7.783687943262412
7.8633217993079585
7.867892976588629
7.859083191850594
7.715277777777778
7.4789915966386555
7.737458193979933
7.952145214521452
7.946932006633499
7.978114478114478
7.7859477124183005
7.444444444444445
8.066213921901529
8.129746835443038
8.00168634064081
7.131059245960503
7.826158940397351
7.489795918367347
7.640132669983417
8.044728434504792
7.680203045685279
7.803600654664485
7.716981132075472
7.684563758389261
7.586148648648648
7.64891846921797
7.543513957307061
7.51877133105802
7.464912280701754
7.71356783919598
7.712195121951219
7.2727272727272725
7.617696160267112
7.771428571428571
7.529824561403509
7.198319327731093
7.64696223316913
7.84375
7.97092084006462
7.836990595611285
7.276785714285714
7.6022727272727275
7.5879396984924625
7.647260273972603
7.41871921182266
7.419243986254296
7.218855218855219
7.527027027027027
7.2727272727272725
7.436115843270869
7.0536013400335005
7.270223752151463
7.126436781609195
7.146690518783542
7.2191558441558445
7.669266770670827
7.254237288135593
7.288966725043783
6.857397504456328
7.173241852487135
7.168918918918919
7.097879282218597
7.2356792144026185
7.062913907284768
7.111692844677138
7.2388059701492535
7.341793570219966
7.152428810720268
7.286178861788618
6.959860383944154
6.8354430379746836
7.246732026143791
7.333333333333333
7.208074534161491
7.1066666666666665
6.595706618962433
7.357259380097879
7.358642972536349
6.936241610738255
6.819699499165275
7.2105263157894735
7.348460291734198
6.928338762214984
7.0638297872340425
6.884940778341794
7.055649241146711
6.839041095890411
7.438110749185668
7.023294509151414
7.09468438538206
7.523006134969325
6.958691910499139
7.320668693009119
7.069256756756757
7.008116883116883
6.922297297297297
6.838655462184874
7.090150250417362
6.899212598425197
6.646953405017921
6.746621621621622
6.771103896103896
6.807817589576548
6.895726495726496
6.951219512195122
6.9933554817275745
6.750413223140496
6.858603066439523
6.915841584158416
6.861337683523654
7.0
6.773424190800681
6.7164179104477615
6.739967897271268
6.44331641285956
6.623529411764705
7.042345276872964
6.4665523156089195
6.946218487394958
7.0363924050632916
6.688851913477538
6.518324607329843
6.892436974789916
6.906793048973144
6.907718120805369
6.783034257748777
6.913907284768212
6.5
6.904984423676012
6.462457337883959
6.493333333333333
6.894568690095847
6.647350993377484
6.57672849915683
6.69449081803005
6.75304347826087
6.303448275862069
6.815047021943574
6.554257095158597
6.7056798623063685
6.870431893687708
6.586601307189542
6.555369127516778
6.715966386554622
6.614334470989761
6.447635135135135
6.859677419354838
6.5357737104825295
6.751623376623376
6.69672131147541
6.439655172413793
6.693843594009984
6.870703764320786
6.192893401015229
6.490131578947368
6.648117839607202
6.429967426710098
6.608832807570978
6.269360269360269
6.589700996677741
6.109028960817717
6.543408360128617
6.287179487179487
6.346869712351946
6.4183006535947715
6.799684542586751
6.471794871794872
6.460132890365449
6.509090909090909
6.205724508050089
6.582214765100671
6.049488054607509
6.240270727580373
6.6629392971246
6.440789473684211
6.517350157728707
6.271062271062271
6.666666666666667
6.384873949579832
6.688188976377953
6.504118616144975
6.314754098360655
6.450331125827814
6.327118644067797
6.2778730703259
6.333333333333333
6.521311475409836
6.242424242424242
5.9644128113879
6.387478849407783
6.154905335628227
6.285714285714286
6.10431654676259
6.457685664939551
6.3974151857835215
6.158597662771285
6.1923076923076925
6.128378378378378
6.150501672240803
6.48
6.3133333333333335
6.273322422258593
6.676829268292683
6.427899686520377
6.528830313014827
6.16271186440678
6.08099173553719
6.381692573402418
6.275261324041812
6.234006734006734
6.230366492146596
6.563106796116505
6.199655765920826
6.421900161030596
6.066555740432612
6.3904448105436575
6.084552845528456
6.147540983606557
6.252782193958665
6.344594594594595
6.2898305084745765
6.5470494417862835
6.502471169686985
6.34006734006734
6.077702702702703
6.205930807248764
6.113673805601318
6.430441898527005
6.052718286655684
5.791869918699187
6.141156462585034
6.039538714991763
6.391517128874388
6.190317195325543
6.389261744966443
6.299840510366826
6.178200692041522
6.515673981191223
6.232323232323233
6.0739495798319325
6.019834710743802
6.007079646017699
6.205128205128205
6.202749140893471
6.064462809917355
6.151414309484193
6.05654281098546
6.258592471358429
5.689119170984456
6.248756218905473
6.177280550774527
6.171900826446281
5.780487804878049
6.090604026845638
5.827768014059754
6.059121621621622
6.047781569965871
6.7803379416282645
6.169657422512235
6.383973288814691
6.20949263502455
5.923599320882852
6.590443686006826
6.310965630114566
6.005309734513275
5.99830220713073
5.960330578512397
5.9983416252072965
6.122895622895623
6.202875399361022
6.290937996820349
6.125208681135225
6.294685990338165
6.366834170854271
6.099824868651488
6.051601423487544
6.022033898305085
6.09375
6.133448873483536
5.942953020134228
6.02027027027027
6.045762711864406
5.879282218597064
6.079934747145187
6.317434210526316
6.1138613861386135
5.756756756756757
6.0688524590163935
6.399686520376176
5.877721943048576
6.13109243697479
6.090753424657534
5.995065789473684
6.0360065466448445
6.520865533230293
5.768826619964973
6.064846416382252
6.237704918032787
6.224299065420561