
410.4368951923878
420.3153372052381
422.52053922988745
432.19647033078866
412.6824871789475
416.6000709380607
446.74751262387144
426.8074812036143
413.61757820444575
433.0664872586907
432.25975033488083
414.06609944593527
428.9994861741599
410.0672828126905
421.0513190456535
421.38164079016576
381.54025947529965
423.45993461299156
416.61829755478885
439.6767567733631
431.94773403995134
412.6452626316441
422.2555738132105
429.3060243667549
452.72801271587906
419.3021763308264
457.23816373189385
440.96498269941424
429.9739474848715
420.45255925062685
437.01898553254404
436.3285121828758
391.43001299372315
440.34286063981864
421.8347675631006
399.474499130988
444.464474941758
415.3401676902939
426.7609200482692
436.5025286539277
443.5416226762589
380.9171728746046
429.3341765426353
418.1940310320909
409.35247370646
428.03412140479367
422.85258648715245
421.85617441996146
414.54913924727555
427.2841182046389
404.30383655792895
404.91721153083347
417.3339433051284
429.47967393182955
399.73837537853495
390.58212141434524
426.7252529587695
415.32441733656907
447.39850838838476
384.49546894956336
439.02748082131177
413.5622955240572
446.8547823967765
410.25765590459804
408.3247913235736
437.538512661451
423.6686761630587
428.334358798663
409.3423094341839
449.18745034762435
407.3862563595379
400.4165577199127
400.3984818356989
416.9515990526523
438.9859606758731
428.8881051710262
401.3646494360619
427.5865303253869
452.24986238088496
424.60011093213944
405.98701451347245
456.34438353309196
438.9847040912291
425.3810042082394
425.9013093532038
439.06297749027715
414.5653893907127
443.0577141384445
424.19638319048937
420.59668698277557
415.5399743260734
450.8906587741775
455.24541580287087
438.9043466812006
413.897581193326
415.4001883908601
385.8171542815991
403.3178015831921
399.12445363738703
413.03186831695086
397.6632861283191
419.10069006756896
418.6359539085682
412.2834604256385
426.2875584981962
442.9645263630162
409.65834725366756
433.85495027922263
423.175749791569
425.46749830151805
415.1792281685119
417.26078830091967
420.02951856475727
425.3965246847057
454.92717066972455
411.94041301249655
422.7990725835235
427.3919096566968
396.24579945355345
403.8554615619874
438.91826914124584
420.9827042347405
404.28431071371244
432.34630631730795
442.5221763838037
445.00369998167815
422.0811686429897
438.6140205484779
440.19165009330663
455.77045405937196
395.1614290081152
439.94513000542713
422.9671382941634
422.50517799027466
435.07750920051797
399.9093203067025
393.50004248273564
420.94872930960753
430.8646522954781
417.05998023421006
419.2609009476414
419.7411903185689
442.789861813266
402.80341203097663
442.20318555003144
411.5841672272113
436.07528466137137
432.31374137915753
420.73037814022655
448.09256032561944
424.0887322223501
412.490936836696
395.3032271821643
426.97417272167877
413.4380237873344
454.06379702724064
414.83326764049446
409.1885620257402
422.6149139327992
412.842752610008
411.4656968899734
414.42050791672625
434.5627485014488
387.0688217270424
422.20425578441126
430.39675775996784
437.43500053820446
398.34242739931744
448.7588931944996
435.9194927069384
385.1461190170173
399.2351898557971
402.2137608400818
422.67645819610243
434.78937179319234
417.3536929972408
422.62687947841124
389.10215290669487
449.85851283091927
407.9274527945626
454.9296447769969
419.71411750257704
445.95084289666266
457.1668848119458
440.8748629073881
447.60427630629135
408.1100368789505
418.84854630741984
427.02358668932413
357.97237316463827
397.6110564692308
393.18812633460004
396.84038830866905
398.7010959763731
408.8958474820155
437.35000963178766
403.2648051545124
390.70552427828824
386.219442652653
414.37012477396473
438.96331419572317
406.99270842642403
428.1188677611043
451.3641012033544
443.8057780162024
405.59140037144203
401.3035592884292
408.1947025154869
421.99817489107073
405.7394344969802
414.18374205993376
411.47796050849786
433.4050744388043
383.75824473563864
382.8417296354475
388.84139240879165
402.8127704795203
390.0997358624342
399.84300585395175
414.81789851282554
399.01219402912665
385.3388796016771
422.4489467846629
413.75865349283384
406.0719888801223
416.55838155480205
417.52260492179056
406.44402019709486
426.6347296375132
402.32614189092567
426.2880826522061
416.5084155514307
418.27437197384563
429.67517234868757
409.9070760101319
416.36512628060075
392.96001996001706
374.6319875247033
419.319023420375
407.2525496649274
411.7561467252548
399.3817215731141
383.32905261857786
395.19940308506676
413.854020193993
391.5987092221527
387.46025148603957
403.2484103521924
400.9367045840823
365.55647123453457
422.6670960285248
377.5812434499656
409.339168013984
357.9247487521442
393.11518586451416
363.2335196420056
405.0962981664061
371.049849821711
434.5531257726478
414.7798949143701
415.522773024476
412.32798041903396
398.9118930511757
396.2536039860572
440.236714986985
351.22877751101487
391.77538026353085
406.38079168896815
401.78090719853276
410.5615140892725
423.4078639205935
432.19311652865673
404.0203720735666
426.3191731065519
434.20948765944513
391.2087782177308
377.77213810144104
407.7718211441908
417.89644416365
379.59883503523554
393.15233798958263
399.3176018399165
394.06827158486243
417.75568770704103
406.0762778678958
404.4674321815613
411.06321348903595
381.96467995547425
412.38235884484163
441.8526831596704
384.6865924970955
386.4011059191298
381.57603809862724
394.95802056322555
418.0140992506754
435.60497861818584
368.71279806832183
398.8434947558534
423.4916198535164
420.40166112844247