
400.9694999999999
409.40649999999994
402.1276579268345
432.01924999999994
443.78941954985737
449.19034291852165
490.162846862293
450.42671277393083
413.72633371833047
380.0205851084812
390.98599758451905
408.7066295049558
495.26353179330306
392.0259769108846
348.721980042788
380.7059787698317
545.943783724652
470.0553245470731
493.43675389975607
460.6501933288367
387.6307121562744
440.11876026061725
413.3532933981593
437.46686799276694
438.53192020333455
466.5612183778506
474.02497939118257
493.0116733239511
481.14716066740874
509.99688620836207
458.5403170027538
490.54495230252195
497.08298842934937
485.2032432448017
454.74837426444645
486.0012505485541
546.0016943614489
490.88016588279254
419.5546339998515
416.37726450844593
420.5311651670245
503.61110870354923
482.99698183065505
484.28256928218053
463.55878118894316
531.1503583542205
539.5197457500319
555.7453909943866
488.25623912399595
553.939812472553
476.5530159295011
609.8450888343976
548.6132413736564
552.2617609183765
547.5200471062589
551.4507903516926
516.1537799994409
569.7294581522626
567.6865327871118
557.1343744368804
569.7768142668009
601.2497215337639
609.6430539001647
564.6159350147915
560.375588979777
585.2816781217908
569.5743853376273
554.3210944901799
598.701350438722
587.498545843308
593.9036127400768
615.2445342685322
528.6428156950159
527.0074027391736
609.0232823225573
593.1808541836813
618.1673213499936
559.3589922120997
570.8752632283837
632.7405188000483
638.2675599250293
584.7901891076361
563.242386535688
635.3722981272473
607.5801153297019
624.9566124179787
581.961898292573
639.4650787331573
530.6646465092423
619.5972693136171
576.6423200826038
549.0176259483165
623.9494052993572
608.1544914982517
580.0749112294602
616.9935430519726
600.926582558619
626.1629302362899
608.6753162968704
626.6267424676255
621.3179797252433
653.7891010233756
647.3437565368491
684.6748700525948
631.7234826912002
648.7618316382957
596.7951703270693
688.3522780232756
628.0952900003697
623.4755017616455
647.302618454826
611.036912478741
653.3227561964757
663.8154183395053
707.5602278870656
701.2288155840876
681.2570567873782
599.8160277584975
703.8139362227964
620.3244727126407
649.5147684551056
681.4537351323952
686.7999785655916
618.4510811573989
685.8346811539093
634.3365822715906
707.7938532758255
639.1578441715941
707.9413734101711
663.3878439079339
689.8209415906938
733.9535110556701
637.6682729329638
680.8999764107919
695.6585917350781
648.9879099553182
632.6355425881914
702.663227633318
661.6416933176185
696.7838822644488
661.0964567596327
642.676971944512
710.2548411271318
685.145797026062
674.6264230731044
672.5949035571076
722.7723710892701
643.5341983734484
689.5061981608999
700.7022341099002
716.6836536366512
672.6736600686917
662.5180318032599
641.5477287110026
729.9387035688248
717.4956830841193
702.6272432335429
702.7969193343089
708.8210418575258
741.8263592539001
668.1306442125492
742.3432911471119
739.0885936160341
731.6640246834113
720.5811523582831
743.9224918563524
714.3914201218493
691.3761365445027
723.9172043961372
705.7089821107916
682.9024724493618
667.8817863991551
763.9225132295776
763.6142191725388
729.9631693778781
721.2184137409123
739.213790660714
683.9541720584184
686.2697230392199
724.9287193471542
712.4680988753078
705.2469565547851
749.7704879613727
722.5406440841973
749.3774868156667
748.9412216065921
720.3513612747213
749.0829783195855
761.8145883027776
724.5047540685313
711.7615286900271
736.2595357102707
735.8323705182236
734.2802867123557
702.4575416880605
757.8705026721763
767.97013082246
738.4374092991221
766.4887048457593
763.013755874762
780.0887651303899
740.2700300254809
735.0622670292266
732.8939111718557
778.4366640413648
710.7461521825027
763.1022490097164
801.4870520527418
732.6604032635239
714.6762713477118
781.1951885074599
723.4215293561305
740.1117328861527
747.7700067386038
715.7817301045476
773.2433367076557
720.3112590926762
756.4477207124511
784.2416681593203
764.1382757822844
730.7428623388594
707.0947548939014
750.9632804609648
699.4528494028405
717.3786393253642
752.0760633719096
757.0482216990602
759.487783558111
762.2140251975494
784.1070644673784
822.8257147316077
793.7853404055792
777.3254185128405
743.238906453692
775.0885298403148
724.180786598163
745.4631325770569
732.4242782531671
741.7780909193733
777.4515520590606
798.6940329645015
773.0098036931834
726.3816272632926
734.284681374254
722.7498121641639
794.9929791898164
764.8224019767212
813.2967116811012
741.5575190381362
804.936951000998
762.5472630925575
751.6069727652286
784.4336667610647
790.6907650504133
758.3603571784696
767.4016345437632
766.6699668999366
761.1657964107453
708.102093170135
765.5694566795419
738.8902826467913
759.9361846052458
794.4421623621761
683.7486578312863
746.8402835221278
730.9674340759005
771.1731205841094
789.1157873355015
788.7964275722318
773.0313803723316
788.4524898452182
797.698245343807
794.2503904052701
796.2153074951042
746.0651469600368
754.7607268541174
731.1774549699802
789.6952458745288
792.5407786116405
731.330809425777
761.4069181131275
765.6281612452996
772.7524052448692
814.4780234673328
806.8844773114927
750.7227045018989
762.1931802971029
803.2977676084524
784.5704410746176
818.1432036997829
817.7458619464616
779.943261710406
759.0050258077159
822.7897992260507
815.598742231074
776.6231298531095
770.6201932679749
758.9887204295358
775.2426788200133
818.2140027354271